10,150
10,308
10,132
10,190
10,252
10,66
10,264
10,218
11,16
11,24
11,18
11,20
11,4
9,6
9,4
8,8
8,12
8,13
8,15
8,2
8,3
12,2
12,1
12,3
20,2
20,1
20,3
19,2
19,1
19,3
18,1
18,3
14,1
14,3
13,1
13,3
2,2
2,1
2,3
44,3
44,2
44,1
44,0
43,3
43,2
43,1
43,0
42,3
42,2
42,1
42,0
41,3
41,2
41,1
41,0
40,5
40,4
40,3
40,2
40,1
40,0
39,4
39,3
39,2
39,1
39,0
25,3
25,2
25,1
11,27
11,23
11,21
11,15
11,7
11,5
11,3
11,2
11,1
10,293
10,179
10,143
10,125
10,107
10,83
10,81
10,17
10,3
10,2
10,1
9,7
9,5
9,3
9,2
9,1
8,18
8,16
8,10
8,1
8,9
